/*--------------------------------*- C++ -*----------------------------------*\
  =========                 |
  \\      /  F ield         | OpenFOAM: The Open Source CFD Toolbox
   \\    /   O peration     | Website:  https://openfoam.org
    \\  /    A nd           | Version:  8
     \\/     M anipulation  |
\*---------------------------------------------------------------------------*/
/*   Windows 32 and 64 bit porting by blueCAPE: http://www.bluecape.com.pt   *\
|  Based on Windows porting (2.0.x v4) by Symscape: http://www.symscape.com   |
\*---------------------------------------------------------------------------*/
FoamFile
{
    version     2.0;
    format      ascii;
    class       cellSet;
    location    "constant/polyMesh/sets";
    object      highAspectRatioCells;
}
// * * * * * * * * * * * * * * * * * * * * * * * * * * * * * * * * * * * * * //


6192
(
0 
1 
32770 
2 
32771 
3 
32772 
4 
32773 
5 
32774 
6 
32775 
7 
32776 
8 
32777 
8201 
9 
32778 
8202 
10 
32779 
8203 
11 
32780 
8204 
12 
32781 
8205 
13 
8206 
14 
8207 
8208 
8209 
8210 
8211 
8212 
16421 
16422 
16423 
16424 
16425 
16426 
16427 
16428 
16429 
16430 
16431 
16432 
16433 
16434 
24627 
16435 
24628 
16436 
24629 
16437 
24630 
16438 
24631 
16439 
24632 
24633 
24634 
24635 
24636 
24637 
24638 
24639 
24640 
24641 
24642 
24643 
68 
69 
70 
71 
72 
73 
74 
75 
76 
77 
78 
79 
80 
81 
82 
32862 
32863 
32864 
32865 
32866 
32867 
32868 
8292 
32869 
8293 
32870 
8294 
32871 
8295 
32872 
8296 
32873 
8297 
8298 
8299 
8300 
8301 
8302 
8303 
16515 
16516 
16517 
16518 
16519 
16520 
16521 
16522 
16523 
16524 
16525 
16526 
16527 
16528 
16529 
146 
16530 
24723 
147 
16531 
24724 
148 
16532 
24725 
149 
16533 
24726 
150 
24727 
151 
24728 
152 
24729 
153 
24730 
154 
24731 
155 
24732 
156 
24733 
157 
24734 
158 
24735 
159 
24736 
160 
24737 
24738 
24739 
32954 
32955 
32956 
32957 
32958 
32959 
8383 
32960 
8384 
32961 
8385 
32962 
8386 
32963 
8387 
32964 
8388 
32965 
8389 
8390 
8391 
8392 
8393 
8394 
16609 
16610 
16611 
228 
16612 
229 
16613 
230 
16614 
231 
16615 
232 
16616 
233 
16617 
234 
16618 
235 
16619 
236 
16620 
237 
16621 
238 
16622 
239 
16623 
240 
16624 
241 
16625 
24818 
242 
16626 
24819 
16627 
24820 
24821 
24822 
24823 
24824 
24825 
24826 
24827 
24828 
24829 
24830 
24831 
24832 
24833 
24834 
33046 
33047 
33048 
33049 
33050 
8474 
33051 
8475 
33052 
8476 
33053 
8477 
33054 
8478 
33055 
8479 
33056 
8480 
33057 
8481 
8482 
8483 
8484 
8485 
313 
314 
315 
316 
317 
318 
16702 
319 
16703 
320 
16704 
321 
16705 
322 
16706 
323 
16707 
324 
16708 
325 
16709 
326 
16710 
327 
16711 
16712 
16713 
16714 
16715 
16716 
16717 
16718 
16719 
16720 
24913 
24914 
24915 
24916 
24917 
24918 
24919 
24920 
24921 
24922 
24923 
24924 
24925 
24926 
24927 
24928 
24929 
33138 
33139 
33140 
33141 
33142 
8566 
33143 
8567 
33144 
8568 
33145 
8569 
33146 
8570 
33147 
8571 
33148 
8572 
33149 
8573 
8574 
8575 
8576 
8577 
401 
402 
403 
404 
405 
406 
407 
408 
409 
410 
411 
16795 
412 
16796 
413 
16797 
414 
16798 
415 
16799 
16800 
16801 
16802 
16803 
16804 
16805 
16806 
16807 
16808 
16809 
16810 
16811 
16812 
16813 
25008 
25009 
25010 
25011 
25012 
25013 
25014 
25015 
25016 
25017 
25018 
25019 
25020 
25021 
25022 
25023 
25024 
33230 
33231 
33232 
33233 
33234 
8658 
33235 
8659 
33236 
8660 
33237 
8661 
33238 
8662 
33239 
8663 
33240 
8664 
33241 
8665 
8666 
8667 
8668 
8669 
490 
491 
492 
493 
494 
495 
496 
497 
498 
499 
500 
501 
502 
503 
504 
16888 
16889 
16890 
16891 
16892 
16893 
16894 
16895 
16896 
16897 
16898 
16899 
16900 
16901 
16902 
16903 
16904 
16905 
16906 
25103 
25104 
25105 
25106 
25107 
25108 
25109 
25110 
25111 
25112 
25113 
25114 
25115 
25116 
25117 
25118 
33322 
33323 
33324 
33325 
33326 
8750 
33327 
8751 
33328 
8752 
33329 
8753 
33330 
8754 
33331 
8755 
33332 
8756 
33333 
8757 
8758 
8759 
8760 
8761 
581 
582 
583 
584 
585 
586 
587 
588 
589 
590 
591 
592 
593 
594 
595 
16981 
16982 
16983 
16984 
16985 
16986 
16987 
16988 
16989 
16990 
16991 
16992 
16993 
16994 
16995 
16996 
16997 
16998 
16999 
25198 
25199 
25200 
25201 
25202 
25203 
25204 
25205 
25206 
25207 
25208 
25209 
25210 
25211 
25212 
25213 
33414 
33415 
33416 
33417 
33418 
8842 
33419 
8843 
33420 
8844 
33421 
8845 
33422 
8846 
33423 
8847 
33424 
8848 
33425 
8849 
8850 
8851 
8852 
8853 
8854 
672 
673 
674 
675 
676 
677 
678 
679 
680 
681 
682 
683 
684 
685 
686 
17074 
17075 
17076 
17077 
17078 
17079 
17080 
17081 
17082 
17083 
17084 
17085 
17086 
17087 
17088 
17089 
17090 
17091 
17092 
25293 
25294 
25295 
25296 
25297 
25298 
25299 
25300 
25301 
25302 
25303 
25304 
25305 
25306 
25307 
25308 
33506 
33507 
33508 
33509 
33510 
8934 
33511 
8935 
33512 
8936 
33513 
8937 
33514 
8938 
33515 
8939 
33516 
8940 
33517 
8941 
8942 
8943 
8944 
8945 
8946 
763 
764 
765 
766 
767 
768 
769 
770 
771 
772 
773 
774 
775 
776 
777 
17167 
17168 
17169 
17170 
17171 
17172 
17173 
17174 
17175 
17176 
17177 
17178 
17179 
17180 
17181 
17182 
17183 
17184 
17185 
25388 
25389 
25390 
25391 
25392 
25393 
25394 
25395 
25396 
25397 
25398 
25399 
25400 
25401 
25402 
25403 
33598 
33599 
33600 
33601 
33602 
9026 
33603 
9027 
33604 
9028 
33605 
9029 
33606 
9030 
33607 
9031 
33608 
9032 
33609 
9033 
9034 
9035 
9036 
9037 
9038 
854 
855 
856 
857 
858 
859 
860 
861 
862 
863 
864 
865 
866 
867 
868 
17260 
17261 
17262 
17263 
17264 
17265 
17266 
17267 
17268 
17269 
17270 
17271 
17272 
17273 
17274 
17275 
17276 
17277 
17278 
25482 
25483 
25484 
25485 
25486 
25487 
25488 
25489 
25490 
25491 
25492 
25493 
25494 
25495 
25496 
25497 
33690 
33691 
33692 
33693 
33694 
9118 
33695 
9119 
33696 
9120 
33697 
9121 
33698 
9122 
33699 
9123 
33700 
9124 
33701 
9125 
9126 
9127 
9128 
9129 
9130 
945 
946 
947 
948 
949 
950 
951 
952 
953 
954 
955 
956 
957 
958 
959 
17353 
17354 
17355 
17356 
17357 
17358 
17359 
17360 
17361 
17362 
17363 
17364 
17365 
17366 
17367 
17368 
17369 
17370 
17371 
25576 
25577 
25578 
25579 
25580 
25581 
25582 
25583 
25584 
25585 
25586 
25587 
25588 
25589 
33782 
25590 
33783 
25591 
33784 
33785 
33786 
9210 
33787 
9211 
33788 
9212 
33789 
9213 
33790 
9214 
33791 
9215 
33792 
9216 
33793 
9217 
9218 
9219 
9220 
9221 
9222 
1036 
1037 
1038 
1039 
1040 
1041 
1042 
1043 
1044 
1045 
1046 
1047 
1048 
1049 
1050 
17446 
17447 
17448 
17449 
17450 
17451 
17452 
17453 
17454 
17455 
17456 
17457 
17458 
17459 
17460 
17461 
17462 
17463 
25670 
25671 
25672 
25673 
25674 
25675 
25676 
25677 
25678 
25679 
25680 
25681 
33874 
25682 
33875 
25683 
33876 
25684 
33877 
25685 
33878 
9302 
33879 
9303 
33880 
9304 
33881 
9305 
33882 
9306 
33883 
9307 
33884 
9308 
33885 
9309 
9310 
9311 
9312 
9313 
9314 
1128 
1129 
1130 
1131 
1132 
1133 
1134 
1135 
1136 
1137 
1138 
1139 
1140 
1141 
1142 
17539 
17540 
17541 
17542 
17543 
17544 
17545 
17546 
17547 
17548 
17549 
17550 
17551 
17552 
17553 
17554 
17555 
17556 
25764 
25765 
25766 
25767 
25768 
25769 
25770 
25771 
25772 
25773 
33966 
25774 
33967 
25775 
33968 
25776 
33969 
25777 
33970 
25778 
9394 
33971 
9395 
33972 
9396 
33973 
9397 
33974 
9398 
33975 
9399 
33976 
9400 
33977 
9401 
9402 
9403 
9404 
9405 
9406 
1220 
1221 
1222 
1223 
1224 
1225 
1226 
1227 
1228 
1229 
1230 
1231 
1232 
1233 
1234 
17631 
17632 
17633 
17634 
17635 
17636 
17637 
17638 
17639 
17640 
17641 
17642 
17643 
17644 
17645 
17646 
17647 
17648 
25858 
25859 
25860 
25861 
25862 
25863 
25864 
25865 
34058 
25866 
34059 
25867 
34060 
25868 
34061 
25869 
34062 
25870 
9486 
34063 
25871 
9487 
34064 
25872 
9488 
34065 
9489 
34066 
9490 
34067 
9491 
34068 
9492 
34069 
9493 
9494 
9495 
9496 
9497 
9498 
1312 
1313 
1314 
1315 
1316 
1317 
1318 
1319 
1320 
1321 
1322 
1323 
1324 
1325 
1326 
17723 
17724 
17725 
17726 
17727 
17728 
17729 
17730 
17731 
17732 
17733 
17734 
17735 
17736 
17737 
17738 
17739 
17740 
25952 
25953 
25954 
25955 
25956 
25957 
34150 
25958 
34151 
25959 
34152 
25960 
34153 
25961 
34154 
25962 
9578 
34155 
25963 
9579 
34156 
25964 
9580 
34157 
25965 
9581 
34158 
25966 
9582 
34159 
9583 
34160 
9584 
34161 
9585 
9586 
9587 
9588 
9589 
9590 
1404 
1405 
1406 
1407 
1408 
1409 
1410 
1411 
1412 
1413 
1414 
1415 
1416 
1417 
1418 
17815 
17816 
17817 
17818 
17819 
17820 
17821 
17822 
17823 
17824 
17825 
17826 
17827 
17828 
17829 
17830 
17831 
17832 
26046 
26047 
26048 
26049 
34242 
26050 
34243 
26051 
34244 
26052 
34245 
26053 
34246 
26054 
9670 
34247 
26055 
9671 
34248 
26056 
9672 
34249 
26057 
9673 
34250 
26058 
9674 
34251 
26059 
9675 
34252 
26060 
9676 
34253 
9677 
34254 
9678 
9679 
9680 
9681 
9682 
1496 
1497 
1498 
1499 
1500 
1501 
1502 
1503 
1504 
1505 
1506 
1507 
1508 
1509 
1510 
17907 
17908 
17909 
17910 
17911 
17912 
17913 
17914 
17915 
17916 
17917 
17918 
17919 
17920 
17921 
17922 
17923 
26140 
26141 
34334 
26142 
34335 
26143 
34336 
26144 
34337 
26145 
34338 
26146 
9762 
34339 
26147 
9763 
34340 
26148 
9764 
34341 
26149 
9765 
34342 
26150 
9766 
34343 
26151 
9767 
34344 
26152 
9768 
34345 
26153 
9769 
34346 
26154 
9770 
9771 
9772 
9773 
9774 
1588 
1589 
1590 
1591 
1592 
1593 
1594 
1595 
1596 
1597 
1598 
1599 
1600 
1601 
1602 
17999 
18000 
18001 
18002 
18003 
18004 
18005 
18006 
18007 
18008 
18009 
18010 
18011 
18012 
18013 
18014 
18015 
34426 
26234 
34427 
26235 
34428 
26236 
34429 
26237 
34430 
26238 
9854 
34431 
26239 
9855 
34432 
26240 
9856 
34433 
26241 
9857 
34434 
26242 
9858 
34435 
26243 
9859 
34436 
26244 
9860 
34437 
26245 
9861 
34438 
26246 
9862 
26247 
9863 
26248 
9864 
9865 
9866 
1680 
1681 
1682 
1683 
1684 
1685 
1686 
1687 
1688 
1689 
1690 
1691 
1692 
1693 
1694 
18091 
18092 
18093 
18094 
18095 
18096 
18097 
18098 
18099 
18100 
18101 
18102 
18103 
18104 
18105 
18106 
34518 
34519 
34520 
26328 
34521 
26329 
34522 
26330 
9946 
34523 
26331 
9947 
34524 
26332 
9948 
34525 
26333 
9949 
34526 
26334 
9950 
34527 
26335 
9951 
34528 
26336 
9952 
34529 
26337 
9953 
34530 
26338 
9954 
26339 
9955 
26340 
9956 
26341 
9957 
26342 
9958 
1772 
1773 
1774 
1775 
1776 
1777 
1778 
1779 
1780 
1781 
1782 
1783 
1784 
1785 
1786 
18183 
18184 
18185 
18186 
18187 
18188 
18189 
18190 
18191 
18192 
18193 
18194 
18195 
18196 
18197 
18198 
34610 
34611 
34612 
34613 
26421 
34614 
26422 
10038 
34615 
26423 
10039 
34616 
26424 
10040 
34617 
26425 
10041 
34618 
26426 
10042 
34619 
26427 
10043 
34620 
26428 
10044 
34621 
26429 
10045 
34622 
26430 
10046 
26431 
10047 
26432 
10048 
26433 
10049 
26434 
10050 
26435 
1864 
1865 
1866 
1867 
1868 
1869 
1870 
1871 
1872 
1873 
1874 
1875 
1876 
1877 
18275 
18276 
18277 
18278 
18279 
18280 
18281 
18282 
18283 
18284 
18285 
18286 
18287 
18288 
18289 
34702 
34703 
34704 
34705 
34706 
26514 
10130 
34707 
26515 
10131 
34708 
26516 
10132 
34709 
26517 
10133 
34710 
26518 
10134 
34711 
26519 
10135 
34712 
26520 
10136 
34713 
26521 
10137 
34714 
26522 
10138 
26523 
10139 
26524 
10140 
26525 
10141 
26526 
10142 
26527 
26528 
1956 
1957 
1958 
1959 
1960 
1961 
1962 
1963 
1964 
1965 
1966 
1967 
1968 
1969 
18367 
18368 
18369 
18370 
18371 
18372 
18373 
18374 
18375 
18376 
18377 
18378 
18379 
18380 
18381 
34794 
34795 
34796 
34797 
34798 
10222 
34799 
26607 
10223 
34800 
26608 
10224 
34801 
26609 
10225 
34802 
26610 
10226 
34803 
26611 
10227 
34804 
26612 
10228 
34805 
26613 
10229 
34806 
26614 
10230 
26615 
10231 
26616 
10232 
26617 
10233 
26618 
10234 
26619 
26620 
2048 
2049 
2050 
2051 
2052 
2053 
2054 
2055 
2056 
2057 
2058 
2059 
2060 
2061 
18459 
18460 
18461 
18462 
18463 
18464 
18465 
18466 
18467 
18468 
18469 
18470 
18471 
18472 
34886 
34887 
34888 
34889 
34890 
10314 
34891 
10315 
34892 
26700 
10316 
34893 
26701 
10317 
34894 
26702 
10318 
34895 
26703 
10319 
34896 
26704 
10320 
34897 
26705 
10321 
34898 
26706 
10322 
26707 
10323 
26708 
10324 
26709 
10325 
26710 
10326 
26711 
26712 
26713 
2140 
2141 
2142 
2143 
2144 
2145 
2146 
2147 
2148 
2149 
2150 
2151 
2152 
2153 
18551 
18552 
18553 
18554 
18555 
18556 
18557 
18558 
18559 
18560 
18561 
18562 
18563 
34978 
34979 
34980 
34981 
34982 
10406 
34983 
10407 
34984 
10408 
34985 
26793 
10409 
34986 
26794 
10410 
34987 
26795 
10411 
34988 
26796 
10412 
34989 
26797 
10413 
34990 
26798 
10414 
26799 
10415 
26800 
10416 
26801 
10417 
26802 
10418 
26803 
10419 
26804 
26805 
26806 
2232 
2233 
2234 
2235 
2236 
2237 
2238 
2239 
2240 
2241 
2242 
2243 
2244 
2245 
18643 
18644 
18645 
18646 
18647 
18648 
18649 
18650 
18651 
18652 
18653 
18654 
35070 
35071 
35072 
35073 
35074 
10498 
35075 
10499 
35076 
10500 
35077 
10501 
35078 
26886 
10502 
35079 
26887 
10503 
35080 
26888 
10504 
35081 
26889 
10505 
35082 
26890 
10506 
26891 
10507 
26892 
10508 
26893 
10509 
26894 
10510 
26895 
10511 
26896 
26897 
26898 
26899 
2324 
2325 
2326 
2327 
2328 
2329 
2330 
2331 
2332 
2333 
2334 
2335 
2336 
2337 
18735 
18736 
18737 
18738 
18739 
18740 
18741 
18742 
18743 
18744 
18745 
35162 
35163 
35164 
35165 
35166 
10590 
35167 
10591 
35168 
10592 
35169 
10593 
35170 
10594 
35171 
26979 
10595 
35172 
26980 
10596 
35173 
26981 
10597 
35174 
26982 
10598 
26983 
10599 
26984 
10600 
26985 
10601 
26986 
10602 
26987 
10603 
26988 
26989 
26990 
26991 
26992 
2416 
2417 
2418 
2419 
2420 
2421 
2422 
2423 
2424 
2425 
2426 
2427 
2428 
2429 
18827 
18828 
18829 
18830 
18831 
18832 
18833 
18834 
18835 
18836 
18837 
18838 
35254 
35255 
35256 
35257 
35258 
10682 
35259 
10683 
35260 
10684 
35261 
10685 
35262 
10686 
35263 
10687 
35264 
27072 
10688 
35265 
27073 
10689 
35266 
27074 
10690 
27075 
10691 
27076 
10692 
27077 
10693 
27078 
10694 
27079 
10695 
27080 
27081 
27082 
27083 
27084 
2508 
27085 
2509 
2510 
2511 
2512 
2513 
2514 
2515 
2516 
2517 
2518 
2519 
2520 
2521 
18919 
18920 
18921 
18922 
18923 
18924 
18925 
18926 
18927 
18928 
18929 
18930 
35346 
35347 
35348 
35349 
35350 
10774 
35351 
10775 
35352 
10776 
35353 
10777 
35354 
10778 
35355 
10779 
35356 
10780 
35357 
27165 
10781 
35358 
27166 
10782 
27167 
10783 
27168 
10784 
27169 
10785 
27170 
10786 
27171 
10787 
27172 
27173 
27174 
27175 
27176 
2600 
27177 
2601 
27178 
2602 
2603 
2604 
2605 
2606 
2607 
2608 
2609 
2610 
2611 
2612 
2613 
19011 
19012 
19013 
19014 
19015 
19016 
19017 
19018 
19019 
19020 
19021 
19022 
35438 
35439 
35440 
35441 
35442 
10866 
35443 
10867 
35444 
10868 
35445 
10869 
35446 
10870 
35447 
10871 
35448 
10872 
35449 
10873 
35450 
27258 
10874 
27259 
10875 
27260 
10876 
27261 
10877 
27262 
10878 
27263 
10879 
27264 
27265 
27266 
27267 
27268 
2692 
27269 
2693 
27270 
2694 
27271 
2695 
2696 
2697 
2698 
2699 
2700 
2701 
2702 
2703 
2704 
2705 
19103 
19104 
19105 
19106 
19107 
19108 
19109 
19110 
19111 
19112 
19113 
19114 
35530 
35531 
35532 
35533 
35534 
10958 
35535 
10959 
35536 
10960 
35537 
10961 
35538 
10962 
35539 
10963 
35540 
10964 
35541 
10965 
35542 
10966 
27351 
10967 
27352 
10968 
27353 
10969 
27354 
10970 
27355 
10971 
27356 
27357 
27358 
27359 
27360 
2784 
27361 
2785 
27362 
2786 
27363 
2787 
27364 
2788 
2789 
2790 
2791 
2792 
2793 
2794 
2795 
2796 
2797 
19195 
19196 
19197 
19198 
19199 
19200 
19201 
19202 
19203 
19204 
19205 
19206 
35622 
35623 
35624 
35625 
35626 
11050 
35627 
11051 
35628 
11052 
35629 
11053 
35630 
11054 
35631 
11055 
35632 
11056 
35633 
11057 
35634 
11058 
11059 
27444 
11060 
27445 
11061 
27446 
11062 
27447 
11063 
27448 
27449 
27450 
27451 
27452 
2876 
27453 
2877 
27454 
2878 
27455 
2879 
27456 
2880 
27457 
2881 
2882 
2883 
2884 
2885 
2886 
2887 
2888 
2889 
19287 
19288 
19289 
19290 
19291 
19292 
19293 
19294 
19295 
19296 
19297 
19298 
35714 
35715 
35716 
35717 
35718 
11142 
35719 
11143 
35720 
11144 
35721 
11145 
35722 
11146 
35723 
11147 
35724 
11148 
35725 
11149 
35726 
11150 
11151 
11152 
27537 
11153 
27538 
11154 
27539 
11155 
27540 
27541 
27542 
27543 
27544 
2968 
27545 
2969 
27546 
2970 
27547 
2971 
27548 
2972 
27549 
2973 
27550 
2974 
2975 
2976 
2977 
2978 
2979 
2980 
2981 
19379 
19380 
19381 
19382 
19383 
19384 
19385 
19386 
19387 
19388 
19389 
19390 
35806 
35807 
35808 
35809 
35810 
11234 
35811 
11235 
35812 
11236 
35813 
11237 
35814 
11238 
35815 
11239 
35816 
11240 
35817 
11241 
35818 
11242 
11243 
11244 
27629 
11245 
27630 
11246 
27631 
11247 
27632 
27633 
27634 
27635 
27636 
3060 
27637 
3061 
27638 
3062 
27639 
3063 
27640 
3064 
27641 
3065 
27642 
3066 
3067 
3068 
3069 
3070 
3071 
3072 
3073 
19471 
19472 
19473 
19474 
19475 
19476 
19477 
19478 
19479 
19480 
19481 
19482 
35898 
35899 
35900 
35901 
35902 
11326 
35903 
11327 
35904 
11328 
35905 
11329 
35906 
11330 
35907 
11331 
35908 
11332 
35909 
11333 
35910 
11334 
11335 
11336 
27721 
11337 
27722 
11338 
27723 
11339 
27724 
27725 
27726 
27727 
27728 
3152 
27729 
3153 
27730 
3154 
27731 
3155 
27732 
3156 
27733 
3157 
3158 
3159 
3160 
3161 
3162 
3163 
3164 
3165 
19563 
19564 
19565 
19566 
19567 
19568 
19569 
19570 
19571 
19572 
19573 
19574 
35990 
35991 
35992 
35993 
35994 
11418 
35995 
11419 
35996 
11420 
35997 
11421 
35998 
11422 
35999 
11423 
36000 
11424 
36001 
11425 
36002 
11426 
11427 
11428 
27813 
11429 
27814 
11430 
27815 
11431 
27816 
27817 
27818 
27819 
27820 
3244 
27821 
3245 
27822 
3246 
27823 
3247 
27824 
3248 
27825 
3249 
3250 
3251 
3252 
3253 
3254 
3255 
3256 
3257 
19655 
19656 
19657 
19658 
19659 
19660 
19661 
19662 
19663 
19664 
19665 
19666 
36082 
36083 
36084 
36085 
36086 
11510 
36087 
11511 
36088 
11512 
36089 
11513 
36090 
11514 
36091 
11515 
36092 
11516 
36093 
11517 
36094 
11518 
11519 
11520 
27905 
11521 
27906 
11522 
27907 
11523 
27908 
27909 
27910 
27911 
27912 
3336 
27913 
3337 
27914 
3338 
27915 
3339 
27916 
3340 
27917 
3341 
3342 
3343 
3344 
3345 
3346 
3347 
3348 
3349 
19747 
19748 
19749 
19750 
19751 
19752 
19753 
19754 
19755 
19756 
19757 
19758 
36174 
36175 
36176 
36177 
36178 
36179 
11603 
36180 
11604 
36181 
11605 
36182 
11606 
36183 
11607 
36184 
11608 
36185 
11609 
36186 
11610 
11611 
11612 
27997 
11613 
27998 
11614 
27999 
11615 
28000 
11616 
28001 
11617 
28002 
28003 
28004 
3428 
28005 
3429 
28006 
3430 
28007 
3431 
28008 
3432 
28009 
3433 
3434 
3435 
3436 
3437 
3438 
3439 
3440 
3441 
19839 
19840 
19841 
19842 
19843 
19844 
19845 
19846 
19847 
19848 
19849 
19850 
36266 
36267 
36268 
36269 
36270 
36271 
36272 
11696 
36273 
11697 
36274 
11698 
36275 
11699 
36276 
11700 
36277 
11701 
36278 
11702 
11703 
11704 
28089 
11705 
28090 
11706 
28091 
11707 
28092 
11708 
28093 
11709 
28094 
11710 
28095 
28096 
3520 
28097 
3521 
28098 
3522 
28099 
3523 
28100 
3524 
28101 
3525 
3526 
3527 
3528 
3529 
3530 
3531 
3532 
3533 
19931 
19932 
19933 
19934 
19935 
19936 
19937 
19938 
19939 
19940 
19941 
19942 
19943 
19944 
36358 
36359 
36360 
36361 
36362 
36363 
36364 
36365 
11789 
36366 
11790 
36367 
11791 
36368 
11792 
36369 
11793 
36370 
11794 
11795 
11796 
28181 
11797 
28182 
11798 
28183 
11799 
28184 
11800 
28185 
11801 
28186 
11802 
28187 
11803 
28188 
3612 
28189 
3613 
28190 
3614 
28191 
3615 
28192 
3616 
28193 
3617 
3618 
3619 
3620 
3621 
3622 
3623 
3624 
3625 
20023 
20024 
20025 
20026 
20027 
20028 
20029 
20030 
20031 
20032 
20033 
20034 
20035 
20036 
20037 
36450 
36451 
36452 
36453 
36454 
36455 
36456 
36457 
36458 
11882 
36459 
11883 
36460 
11884 
36461 
11885 
36462 
11886 
11887 
11888 
28273 
11889 
28274 
11890 
28275 
11891 
28276 
11892 
28277 
11893 
28278 
11894 
28279 
11895 
28280 
3704 
11896 
28281 
3705 
28282 
3706 
28283 
3707 
28284 
3708 
28285 
3709 
3710 
3711 
3712 
3713 
3714 
3715 
3716 
3717 
20115 
20116 
20117 
20118 
20119 
20120 
20121 
20122 
20123 
20124 
20125 
20126 
20127 
20128 
20129 
20130 
20131 
36542 
36543 
36544 
36545 
36546 
36547 
36548 
36549 
36550 
36551 
11975 
36552 
11976 
36553 
11977 
36554 
11978 
11979 
11980 
28365 
11981 
28366 
11982 
28367 
11983 
28368 
11984 
28369 
11985 
28370 
11986 
28371 
11987 
28372 
3796 
11988 
28373 
3797 
11989 
28374 
3798 
28375 
3799 
28376 
3800 
28377 
3801 
3802 
3803 
3804 
3805 
3806 
3807 
3808 
3809 
20207 
20208 
20209 
20210 
20211 
20212 
20213 
20214 
20215 
20216 
20217 
20218 
20219 
20220 
20221 
20222 
20223 
20224 
36634 
36635 
36636 
36637 
36638 
36639 
36640 
36641 
36642 
36643 
36644 
12068 
36645 
12069 
36646 
12070 
12071 
12072 
28457 
12073 
28458 
12074 
28459 
12075 
28460 
12076 
28461 
12077 
28462 
12078 
28463 
12079 
28464 
3888 
12080 
28465 
3889 
12081 
28466 
3890 
12082 
28467 
3891 
28468 
3892 
28469 
3893 
3894 
3895 
3896 
3897 
3898 
3899 
3900 
20299 
20300 
20301 
20302 
20303 
20304 
20305 
20306 
20307 
20308 
20309 
20310 
20311 
20312 
20313 
20314 
20315 
20316 
36726 
36727 
36728 
36729 
36730 
36731 
36732 
36733 
36734 
36735 
36736 
36737 
12161 
36738 
12162 
12163 
12164 
28549 
12165 
28550 
12166 
28551 
12167 
28552 
12168 
28553 
12169 
28554 
12170 
28555 
12171 
28556 
3980 
12172 
28557 
3981 
12173 
28558 
3982 
12174 
28559 
3983 
12175 
28560 
3984 
28561 
3985 
3986 
3987 
3988 
3989 
3990 
3991 
3992 
20391 
20392 
20393 
20394 
20395 
20396 
20397 
20398 
20399 
20400 
20401 
20402 
20403 
20404 
20405 
20406 
20407 
20408 
20409 
36818 
36819 
36820 
36821 
36822 
36823 
36824 
36825 
36826 
36827 
36828 
36829 
36830 
12254 
12255 
12256 
28641 
12257 
28642 
12258 
28643 
12259 
28644 
12260 
28645 
12261 
28646 
12262 
28647 
12263 
28648 
4072 
12264 
28649 
4073 
12265 
28650 
4074 
12266 
28651 
4075 
12267 
28652 
4076 
12268 
28653 
4077 
4078 
4079 
4080 
4081 
4082 
4083 
4084 
20483 
20484 
20485 
20486 
20487 
20488 
20489 
20490 
20491 
20492 
20493 
20494 
20495 
20496 
20497 
20498 
20499 
20500 
20501 
20502 
36910 
36911 
36912 
36913 
36914 
36915 
36916 
36917 
36918 
36919 
36920 
36921 
36922 
12347 
12348 
28733 
12349 
28734 
12350 
28735 
12351 
28736 
12352 
28737 
12353 
28738 
12354 
28739 
12355 
28740 
4164 
12356 
28741 
4165 
12357 
28742 
4166 
12358 
28743 
4167 
12359 
28744 
4168 
12360 
28745 
4169 
12361 
4170 
4171 
4172 
4173 
4174 
4175 
4176 
20575 
20576 
20577 
20578 
20579 
20580 
20581 
20582 
20583 
20584 
20585 
20586 
20587 
20588 
20589 
20590 
20591 
20592 
20593 
20594 
37002 
37003 
37004 
37005 
37006 
37007 
37008 
37009 
37010 
37011 
37012 
37013 
37014 
12440 
28825 
12441 
28826 
12442 
28827 
12443 
28828 
12444 
28829 
12445 
28830 
12446 
28831 
12447 
28832 
4256 
12448 
28833 
4257 
12449 
28834 
4258 
12450 
28835 
4259 
12451 
28836 
4260 
12452 
28837 
4261 
12453 
4262 
12454 
4263 
4264 
4265 
4266 
4267 
4268 
20667 
20668 
20669 
20670 
20671 
20672 
20673 
20674 
20675 
20676 
20677 
20678 
20679 
20680 
20681 
20682 
20683 
20684 
20685 
20686 
20687 
37094 
37095 
37096 
37097 
37098 
37099 
37100 
37101 
37102 
37103 
37104 
37105 
37106 
28917 
12533 
28918 
12534 
28919 
12535 
28920 
12536 
28921 
12537 
28922 
12538 
28923 
12539 
28924 
4348 
12540 
28925 
4349 
12541 
28926 
4350 
12542 
28927 
4351 
12543 
28928 
4352 
12544 
28929 
4353 
12545 
4354 
12546 
4355 
12547 
4356 
12548 
4357 
4358 
4359 
4360 
20759 
20760 
20761 
20762 
20763 
20764 
20765 
20766 
20767 
20768 
20769 
20770 
20771 
20772 
20773 
20774 
20775 
20776 
20777 
20778 
20779 
37186 
37187 
37188 
37189 
37190 
37191 
37192 
37193 
37194 
37195 
37196 
37197 
37198 
29009 
29010 
12626 
29011 
12627 
29012 
12628 
29013 
12629 
29014 
12630 
29015 
12631 
29016 
4440 
12632 
29017 
4441 
12633 
29018 
4442 
12634 
29019 
4443 
12635 
29020 
4444 
12636 
29021 
4445 
12637 
4446 
12638 
4447 
12639 
4448 
12640 
4449 
12641 
4450 
4451 
4452 
20851 
20852 
20853 
20854 
20855 
20856 
20857 
20858 
20859 
20860 
20861 
20862 
20863 
20864 
20865 
20866 
20867 
20868 
20869 
20870 
20871 
37278 
37279 
37280 
37281 
37282 
37283 
37284 
37285 
37286 
37287 
37288 
37289 
37290 
29101 
29102 
29103 
12719 
29104 
12720 
29105 
12721 
29106 
12722 
29107 
12723 
29108 
4532 
12724 
29109 
4533 
12725 
29110 
4534 
12726 
29111 
4535 
12727 
29112 
4536 
12728 
29113 
4537 
12729 
4538 
12730 
4539 
12731 
4540 
12732 
4541 
12733 
4542 
12734 
4543 
4544 
20943 
20944 
20945 
20946 
20947 
20948 
20949 
20950 
20951 
20952 
20953 
20954 
20955 
20956 
20957 
20958 
20959 
20960 
20961 
20962 
20963 
20964 
37370 
37371 
37372 
37373 
37374 
37375 
37376 
37377 
37378 
37379 
37380 
37381 
37382 
29193 
29194 
29195 
29196 
29197 
12813 
29198 
12814 
29199 
12815 
29200 
4624 
12816 
29201 
4625 
12817 
29202 
4626 
12818 
29203 
4627 
12819 
29204 
4628 
12820 
29205 
4629 
12821 
4630 
12822 
4631 
12823 
4632 
12824 
4633 
12825 
4634 
12826 
4635 
12827 
4636 
12828 
21035 
21036 
21037 
21038 
21039 
21040 
21041 
21042 
21043 
21044 
21045 
21046 
21047 
21048 
21049 
21050 
21051 
21052 
21053 
21054 
21055 
21056 
37462 
37463 
37464 
37465 
37466 
37467 
37468 
37469 
37470 
37471 
37472 
37473 
37474 
29285 
29286 
29287 
29288 
29289 
29290 
29291 
12907 
29292 
4716 
12908 
29293 
4717 
12909 
29294 
4718 
12910 
29295 
4719 
12911 
29296 
4720 
12912 
29297 
4721 
12913 
4722 
12914 
4723 
12915 
4724 
12916 
4725 
12917 
4726 
12918 
4727 
12919 
4728 
12920 
12921 
12922 
21127 
21128 
21129 
21130 
21131 
21132 
21133 
21134 
21135 
21136 
21137 
21138 
21139 
21140 
21141 
21142 
21143 
21144 
21145 
21146 
21147 
21148 
37555 
37556 
37557 
37558 
37559 
37560 
37561 
37562 
37563 
37564 
37565 
37566 
37567 
29377 
29378 
29379 
29380 
29381 
29382 
29383 
29384 
4808 
29385 
4809 
13001 
29386 
4810 
13002 
29387 
4811 
13003 
29388 
4812 
13004 
4813 
13005 
4814 
13006 
4815 
13007 
4816 
13008 
4817 
13009 
4818 
13010 
4819 
13011 
4820 
13012 
13013 
13014 
13015 
13016 
21220 
21221 
21222 
21223 
21224 
21225 
21226 
21227 
21228 
21229 
21230 
21231 
21232 
21233 
21234 
21235 
21236 
21237 
21238 
21239 
21240 
21241 
37648 
37649 
37650 
37651 
37652 
37653 
37654 
37655 
37656 
37657 
37658 
37659 
37660 
29469 
29470 
29471 
29472 
29473 
29474 
29475 
29476 
4900 
29477 
4901 
29478 
4902 
29479 
4903 
13095 
29480 
4904 
13096 
4905 
13097 
4906 
13098 
4907 
13099 
4908 
13100 
4909 
13101 
4910 
13102 
4911 
13103 
4912 
13104 
13105 
13106 
13107 
13108 
13109 
13110 
21313 
21314 
21315 
21316 
21317 
21318 
21319 
21320 
21321 
21322 
21323 
21324 
21325 
21326 
21327 
21328 
21329 
21330 
21331 
21332 
21333 
21334 
37741 
37742 
37743 
37744 
37745 
37746 
37747 
37748 
37749 
37750 
37751 
37752 
37753 
29561 
29562 
29563 
29564 
29565 
29566 
29567 
29568 
4992 
29569 
4993 
29570 
4994 
29571 
4995 
29572 
4996 
4997 
13189 
4998 
13190 
4999 
13191 
5000 
13192 
5001 
13193 
5002 
13194 
5003 
13195 
5004 
13196 
13197 
13198 
13199 
13200 
13201 
13202 
13203 
13204 
21406 
21407 
21408 
21409 
21410 
21411 
21412 
21413 
21414 
21415 
21416 
21417 
21418 
21419 
21420 
21421 
21422 
21423 
21424 
21425 
21426 
21427 
37834 
37835 
37836 
37837 
37838 
37839 
37840 
37841 
37842 
37843 
37844 
37845 
29653 
37846 
29654 
29655 
29656 
29657 
29658 
29659 
29660 
5084 
29661 
5085 
29662 
5086 
29663 
5087 
29664 
5088 
5089 
5090 
5091 
13283 
5092 
13284 
5093 
13285 
5094 
13286 
5095 
13287 
5096 
13288 
13289 
13290 
13291 
13292 
13293 
13294 
13295 
13296 
13297 
13298 
21499 
21500 
21501 
21502 
21503 
21504 
21505 
21506 
21507 
21508 
21509 
21510 
21511 
21512 
21513 
21514 
21515 
21516 
21517 
21518 
21519 
21520 
37927 
37928 
37929 
37930 
37931 
37932 
37933 
37934 
37935 
37936 
37937 
29745 
37938 
29746 
37939 
29747 
37940 
29748 
29749 
29750 
29751 
29752 
5176 
29753 
5177 
29754 
5178 
29755 
5179 
29756 
5180 
5181 
5182 
5183 
5184 
5185 
13377 
5186 
13378 
5187 
13379 
5188 
13380 
13381 
13382 
13383 
13384 
13385 
13386 
13387 
13388 
13389 
13390 
13391 
13392 
21592 
21593 
21594 
21595 
21596 
21597 
21598 
21599 
21600 
21601 
21602 
21603 
21604 
21605 
21606 
21607 
21608 
21609 
21610 
21611 
21612 
21613 
38020 
38021 
38022 
38023 
38024 
38025 
38026 
38027 
38028 
38029 
29837 
38030 
29838 
38031 
29839 
38032 
29840 
38033 
29841 
29842 
29843 
29844 
5268 
29845 
5269 
29846 
5270 
29847 
5271 
29848 
5272 
5273 
5274 
5275 
5276 
5277 
5278 
5279 
13471 
5280 
13472 
13473 
13474 
13475 
13476 
13477 
13478 
13479 
13480 
13481 
13482 
13483 
13484 
13485 
13486 
13487 
21685 
21686 
21687 
21688 
21689 
21690 
21691 
21692 
21693 
21694 
21695 
21696 
21697 
21698 
21699 
21700 
21701 
21702 
21703 
21704 
21705 
21706 
38113 
38114 
38115 
38116 
38117 
38118 
38119 
38120 
38121 
29929 
38122 
29930 
38123 
29931 
38124 
29932 
38125 
29933 
38126 
29934 
29935 
29936 
5360 
29937 
5361 
29938 
5362 
29939 
5363 
29940 
5364 
5365 
5366 
5367 
5368 
5369 
5370 
5371 
5372 
13565 
13566 
13567 
13568 
13569 
13570 
13571 
13572 
13573 
13574 
13575 
13576 
13577 
13578 
13579 
13580 
13581 
21778 
21779 
21780 
21781 
21782 
21783 
21784 
21785 
21786 
21787 
21788 
21789 
21790 
21791 
21792 
21793 
21794 
21795 
21796 
21797 
21798 
21799 
38205 
38206 
38207 
38208 
38209 
38210 
38211 
38212 
38213 
30021 
38214 
30022 
38215 
30023 
38216 
30024 
38217 
30025 
38218 
30026 
30027 
30028 
5452 
30029 
5453 
30030 
5454 
30031 
5455 
30032 
5456 
5457 
5458 
5459 
5460 
5461 
5462 
5463 
5464 
13660 
13661 
13662 
13663 
13664 
13665 
13666 
13667 
13668 
13669 
13670 
13671 
13672 
13673 
13674 
13675 
13676 
21871 
21872 
21873 
21874 
21875 
21876 
21877 
21878 
21879 
21880 
21881 
21882 
21883 
21884 
21885 
21886 
21887 
21888 
21889 
21890 
21891 
21892 
38296 
38297 
38298 
38299 
38300 
38301 
38302 
38303 
38304 
38305 
30113 
38306 
30114 
38307 
30115 
38308 
30116 
38309 
30117 
30118 
30119 
30120 
5544 
30121 
5545 
30122 
5546 
30123 
5547 
30124 
5548 
5549 
5550 
5551 
5552 
5553 
5554 
5555 
5556 
13755 
13756 
13757 
13758 
13759 
13760 
13761 
13762 
13763 
13764 
13765 
13766 
13767 
13768 
13769 
13770 
13771 
21964 
21965 
21966 
21967 
21968 
21969 
21970 
21971 
21972 
21973 
21974 
21975 
21976 
21977 
21978 
21979 
21980 
21981 
21982 
21983 
21984 
21985 
38386 
38387 
38388 
38389 
38390 
38391 
38392 
38393 
38394 
38395 
38396 
38397 
30205 
38398 
30206 
38399 
30207 
30208 
30209 
30210 
30211 
30212 
5636 
30213 
5637 
30214 
5638 
30215 
5639 
30216 
5640 
5641 
5642 
5643 
5644 
5645 
5646 
5647 
5648 
13850 
13851 
13852 
13853 
13854 
13855 
13856 
13857 
13858 
13859 
13860 
13861 
13862 
13863 
13864 
22057 
13865 
22058 
13866 
22059 
22060 
22061 
22062 
22063 
22064 
22065 
22066 
22067 
22068 
22069 
22070 
22071 
22072 
22073 
22074 
22075 
22076 
22077 
22078 
38474 
38475 
38476 
38477 
38478 
38479 
38480 
38481 
38482 
38483 
38484 
38485 
38486 
38487 
30297 
30298 
30299 
30300 
30301 
30302 
30303 
30304 
5728 
30305 
5729 
30306 
5730 
30307 
5731 
30308 
5732 
5733 
5734 
5735 
5736 
5737 
5738 
5739 
5740 
13945 
13946 
13947 
13948 
13949 
13950 
13951 
13952 
13953 
13954 
13955 
13956 
13957 
13958 
22151 
13959 
22152 
13960 
22153 
13961 
22154 
22155 
22156 
22157 
22158 
22159 
22160 
22161 
22162 
22163 
22164 
22165 
22166 
22167 
22168 
22169 
22170 
22171 
22172 
38560 
38561 
38562 
38563 
38564 
38565 
38566 
38567 
38568 
38569 
38570 
38571 
38572 
38573 
30389 
30390 
30391 
30392 
30393 
30394 
30395 
30396 
5820 
30397 
5821 
30398 
5822 
30399 
5823 
30400 
5824 
5825 
5826 
5827 
5828 
5829 
5830 
5831 
5832 
14040 
14041 
14042 
14043 
14044 
14045 
14046 
14047 
14048 
14049 
14050 
14051 
14052 
22245 
14053 
22246 
14054 
22247 
14055 
22248 
14056 
22249 
22250 
22251 
22252 
22253 
22254 
22255 
22256 
22257 
38642 
22258 
38643 
22259 
38644 
22260 
38645 
22261 
38646 
22262 
38647 
22263 
38648 
22264 
38649 
22265 
38650 
38651 
38652 
38653 
38654 
38655 
30480 
30481 
30482 
30483 
30484 
30485 
30486 
30487 
30488 
5912 
30489 
5913 
30490 
5914 
30491 
5915 
5916 
5917 
5918 
5919 
5920 
5921 
5922 
5923 
5924 
14135 
14136 
14137 
14138 
14139 
14140 
14141 
14142 
14143 
38720 
14144 
38721 
14145 
38722 
14146 
38723 
22339 
14147 
38724 
22340 
14148 
38725 
22341 
14149 
38726 
22342 
14150 
38727 
22343 
14151 
38728 
22344 
38729 
22345 
38730 
22346 
38731 
22347 
38732 
22348 
38733 
22349 
22350 
22351 
22352 
22353 
22354 
22355 
22356 
22357 
22358 
22359 
30571 
30572 
30573 
30574 
30575 
30576 
30577 
30578 
30579 
30580 
6004 
30581 
6005 
30582 
6006 
6007 
6008 
6009 
6010 
6011 
6012 
6013 
6014 
6015 
6016 
14230 
14231 
14232 
14233 
14234 
14235 
14236 
14237 
14238 
14239 
14240 
22433 
14241 
22434 
14242 
22435 
14243 
22436 
14244 
22437 
14245 
22438 
14246 
22439 
22440 
22441 
22442 
22443 
22444 
22445 
22446 
22447 
22448 
22449 
22450 
22451 
22452 
22453 
30662 
30663 
30664 
30665 
30666 
30667 
30668 
30669 
30670 
30671 
30672 
6096 
30673 
6097 
6098 
6099 
6100 
6101 
6102 
6103 
6104 
6105 
6106 
6107 
6108 
14326 
14327 
14328 
14329 
14330 
14331 
14332 
14333 
14334 
22527 
14335 
22528 
14336 
22529 
14337 
22530 
14338 
22531 
14339 
22532 
14340 
22533 
14341 
22534 
14342 
22535 
14343 
22536 
22537 
22538 
22539 
22540 
22541 
22542 
22543 
22544 
22545 
22546 
22547 
30753 
30754 
30755 
30756 
30757 
30758 
30759 
30760 
30761 
30762 
30763 
30764 
6188 
6189 
6190 
6191 
6192 
6193 
6194 
6195 
6196 
6197 
6198 
6199 
6200 
14422 
14423 
14424 
14425 
14426 
14427 
14428 
22621 
14429 
22622 
14430 
22623 
14431 
22624 
14432 
22625 
14433 
22626 
14434 
22627 
14435 
22628 
14436 
22629 
14437 
22630 
14438 
22631 
14439 
22632 
22633 
22634 
22635 
22636 
22637 
22638 
22639 
22640 
22641 
30844 
30845 
30846 
30847 
30848 
30849 
30850 
30851 
30852 
30853 
30854 
30855 
6280 
6281 
6282 
6283 
6284 
6285 
6286 
6287 
6288 
6289 
6290 
6291 
6292 
14518 
14519 
14520 
14521 
14522 
22715 
14523 
22716 
14524 
22717 
14525 
22718 
14526 
22719 
14527 
22720 
14528 
22721 
14529 
22722 
14530 
22723 
14531 
22724 
14532 
22725 
14533 
22726 
14534 
22727 
14535 
22728 
22729 
22730 
22731 
22732 
22733 
22734 
22735 
30935 
30936 
30937 
30938 
30939 
30940 
30941 
30942 
30943 
30944 
30945 
30946 
6372 
6373 
6374 
6375 
6376 
6377 
6378 
6379 
6380 
6381 
6382 
6383 
6384 
14614 
14615 
14616 
22809 
14617 
22810 
14618 
22811 
14619 
22812 
14620 
22813 
14621 
22814 
14622 
22815 
14623 
22816 
14624 
22817 
14625 
22818 
14626 
22819 
14627 
22820 
14628 
22821 
14629 
22822 
14630 
22823 
14631 
22824 
22825 
22826 
22827 
22828 
31026 
31027 
31028 
31029 
31030 
31031 
31032 
31033 
31034 
31035 
31036 
31037 
6464 
6465 
6466 
6467 
6468 
6469 
6470 
6471 
6472 
6473 
6474 
6475 
6476 
14710 
14711 
22904 
14712 
22905 
14713 
22906 
14714 
22907 
14715 
22908 
14716 
22909 
14717 
22910 
14718 
22911 
14719 
22912 
14720 
22913 
14721 
22914 
14722 
22915 
14723 
22916 
14724 
22917 
14725 
22918 
14726 
22919 
14727 
22920 
22921 
22922 
22923 
31117 
31118 
31119 
31120 
31121 
31122 
31123 
31124 
31125 
31126 
31127 
31128 
6556 
6557 
6558 
6559 
6560 
6561 
6562 
6563 
6564 
6565 
6566 
6567 
6568 
14806 
22999 
14807 
23000 
14808 
23001 
14809 
23002 
14810 
23003 
14811 
23004 
14812 
23005 
14813 
23006 
14814 
23007 
14815 
23008 
14816 
23009 
14817 
23010 
14818 
23011 
14819 
23012 
14820 
23013 
14821 
23014 
14822 
23015 
14823 
31208 
23016 
31209 
23017 
31210 
23018 
31211 
31212 
31213 
31214 
31215 
31216 
31217 
31218 
31219 
6648 
6649 
6650 
6651 
6652 
6653 
6654 
6655 
6656 
6657 
6658 
6659 
6660 
23094 
14902 
23095 
14903 
23096 
14904 
23097 
14905 
23098 
14906 
23099 
14907 
23100 
14908 
23101 
14909 
23102 
14910 
23103 
14911 
23104 
14912 
23105 
14913 
23106 
14914 
31299 
23107 
14915 
31300 
23108 
14916 
31301 
23109 
14917 
31302 
23110 
14918 
31303 
23111 
14919 
31304 
23112 
31305 
23113 
31306 
31307 
31308 
31309 
31310 
6740 
6741 
6742 
6743 
6744 
6745 
6746 
6747 
6748 
6749 
6750 
6751 
6752 
23189 
23190 
14998 
23191 
14999 
23192 
15000 
23193 
15001 
23194 
15002 
23195 
15003 
23196 
15004 
23197 
15005 
31390 
23198 
15006 
31391 
23199 
15007 
31392 
23200 
15008 
31393 
23201 
15009 
31394 
23202 
15010 
31395 
23203 
15011 
31396 
23204 
15012 
31397 
23205 
15013 
31398 
23206 
15014 
31399 
23207 
15015 
31400 
23208 
31401 
6832 
6833 
6834 
6835 
6836 
6837 
6838 
6839 
6840 
6841 
6842 
6843 
6844 
23284 
23285 
23286 
15094 
23287 
15095 
23288 
15096 
23289 
15097 
31482 
23290 
15098 
31483 
23291 
15099 
31484 
23292 
15100 
31485 
23293 
15101 
31486 
23294 
15102 
31487 
23295 
15103 
31488 
23296 
15104 
31489 
23297 
15105 
31490 
23298 
15106 
31491 
23299 
15107 
31492 
23300 
15108 
31493 
23301 
15109 
23302 
15110 
23303 
15111 
6924 
6925 
6926 
6927 
6928 
6929 
6930 
6931 
6932 
6933 
6934 
6935 
6936 
23379 
23380 
23381 
31574 
23382 
15190 
31575 
23383 
15191 
31576 
23384 
15192 
31577 
23385 
15193 
31578 
23386 
15194 
31579 
23387 
15195 
31580 
23388 
15196 
31581 
23389 
15197 
31582 
23390 
15198 
31583 
23391 
15199 
31584 
23392 
15200 
31585 
23393 
15201 
23394 
15202 
23395 
15203 
23396 
15204 
23397 
15205 
15206 
15207 
7016 
7017 
7018 
7019 
7020 
7021 
7022 
7023 
7024 
7025 
7026 
7027 
31666 
23474 
31667 
23475 
31668 
23476 
31669 
23477 
31670 
23478 
15286 
31671 
23479 
15287 
31672 
23480 
15288 
31673 
23481 
15289 
31674 
23482 
15290 
31675 
23483 
15291 
31676 
23484 
15292 
31677 
23485 
15293 
23486 
15294 
23487 
15295 
23488 
15296 
23489 
15297 
23490 
15298 
23491 
15299 
23492 
7108 
15300 
7109 
15301 
7110 
15302 
7111 
15303 
7112 
7113 
7114 
7115 
7116 
7117 
7118 
7119 
31758 
31759 
31760 
31761 
31762 
23570 
31763 
23571 
31764 
23572 
31765 
23573 
15381 
31766 
23574 
15382 
31767 
23575 
15383 
31768 
23576 
15384 
31769 
23577 
15385 
23578 
15386 
23579 
15387 
23580 
15388 
23581 
15389 
23582 
15390 
23583 
15391 
23584 
7200 
15392 
23585 
7201 
15393 
23586 
7202 
15394 
23587 
7203 
15395 
23588 
7204 
15396 
7205 
15397 
7206 
15398 
7207 
15399 
7208 
7209 
7210 
7211 
31850 
31851 
31852 
31853 
31854 
31855 
31856 
31857 
31858 
23666 
31859 
23667 
31860 
23668 
15476 
31861 
23669 
15477 
23670 
15478 
23671 
15479 
23672 
15480 
23673 
15481 
23674 
15482 
23675 
7291 
15483 
23676 
7292 
15484 
23677 
7293 
15485 
23678 
7294 
15486 
23679 
7295 
15487 
23680 
7296 
15488 
23681 
7297 
15489 
23682 
7298 
15490 
23683 
7299 
15491 
23684 
7300 
15492 
7301 
15493 
7302 
15494 
31942 
31943 
31944 
31945 
31946 
31947 
31948 
31949 
31950 
31951 
31952 
31953 
23762 
23763 
15571 
23764 
15572 
23765 
15573 
23766 
7382 
15574 
23767 
7383 
15575 
23768 
7384 
15576 
23769 
7385 
15577 
23770 
7386 
15578 
23771 
7387 
15579 
23772 
7388 
15580 
23773 
7389 
15581 
23774 
7390 
15582 
23775 
7391 
15583 
23776 
7392 
15584 
23777 
7393 
15585 
23778 
15586 
23779 
15587 
23780 
15588 
15589 
32034 
32035 
32036 
32037 
32038 
32039 
32040 
32041 
32042 
32043 
32044 
32045 
7473 
23858 
7474 
15666 
23859 
7475 
15667 
23860 
7476 
15668 
23861 
7477 
15669 
23862 
7478 
15670 
23863 
7479 
15671 
23864 
7480 
15672 
23865 
7481 
15673 
23866 
7482 
15674 
23867 
7483 
15675 
23868 
7484 
15676 
23869 
15677 
23870 
15678 
23871 
15679 
23872 
15680 
23873 
15681 
23874 
15682 
23875 
15683 
15684 
32126 
32127 
32128 
32129 
32130 
32131 
32132 
32133 
32134 
32135 
32136 
32137 
7564 
7565 
7566 
7567 
7568 
7569 
15761 
23954 
7570 
15762 
23955 
7571 
15763 
23956 
7572 
15764 
23957 
7573 
15765 
23958 
7574 
15766 
23959 
7575 
15767 
23960 
15768 
23961 
15769 
23962 
15770 
23963 
15771 
23964 
15772 
23965 
15773 
23966 
15774 
23967 
15775 
23968 
15776 
23969 
15777 
23970 
15778 
23971 
15779 
32218 
32219 
32220 
32221 
32222 
32223 
32224 
32225 
32226 
32227 
32228 
32229 
7655 
7656 
7657 
7658 
7659 
7660 
7661 
7662 
7663 
7664 
15856 
7665 
15857 
24050 
7666 
15858 
24051 
15859 
24052 
15860 
24053 
15861 
24054 
15862 
24055 
15863 
24056 
15864 
24057 
15865 
24058 
15866 
24059 
15867 
24060 
15868 
24061 
15869 
24062 
15870 
24063 
15871 
24064 
15872 
24065 
15873 
24066 
15874 
24067 
32310 
32311 
32312 
32313 
32314 
32315 
32316 
32317 
32318 
32319 
32320 
32321 
7746 
7747 
7748 
7749 
7750 
7751 
7752 
7753 
7754 
7755 
7756 
7757 
15951 
15952 
15953 
15954 
24147 
15955 
24148 
15956 
24149 
15957 
24150 
15958 
24151 
15959 
24152 
15960 
24153 
15961 
24154 
15962 
24155 
15963 
24156 
15964 
24157 
15965 
24158 
15966 
24159 
15967 
24160 
15968 
24161 
15969 
24162 
24163 
24164 
32402 
32403 
32404 
32405 
32406 
32407 
32408 
32409 
32410 
32411 
32412 
32413 
7837 
7838 
7839 
7840 
7841 
7842 
7843 
7844 
7845 
7846 
7847 
7848 
16045 
16046 
16047 
16048 
16049 
16050 
24243 
16051 
24244 
16052 
24245 
16053 
24246 
16054 
24247 
16055 
24248 
16056 
24249 
16057 
24250 
16058 
24251 
16059 
24252 
16060 
24253 
16061 
24254 
16062 
24255 
16063 
24256 
24257 
24258 
24259 
24260 
32494 
32495 
32496 
32497 
32498 
32499 
32500 
32501 
32502 
32503 
32504 
7928 
32505 
7929 
7930 
7931 
7932 
7933 
7934 
7935 
7936 
7937 
7938 
7939 
16139 
16140 
16141 
16142 
16143 
16144 
16145 
16146 
24339 
16147 
24340 
16148 
24341 
16149 
24342 
16150 
24343 
16151 
24344 
16152 
24345 
16153 
24346 
16154 
24347 
16155 
24348 
16156 
24349 
16157 
24350 
24351 
24352 
24353 
24354 
24355 
24356 
32586 
32587 
32588 
32589 
32590 
32591 
32592 
32593 
32594 
32595 
8019 
32596 
8020 
32597 
8021 
8022 
8023 
8024 
8025 
8026 
8027 
8028 
8029 
8030 
16233 
16234 
16235 
16236 
16237 
16238 
16239 
16240 
16241 
16242 
24435 
16243 
24436 
16244 
24437 
16245 
24438 
16246 
24439 
16247 
24440 
16248 
24441 
16249 
24442 
16250 
24443 
16251 
24444 
24445 
24446 
24447 
24448 
24449 
24450 
24451 
32678 
32679 
32680 
32681 
32682 
32683 
32684 
32685 
32686 
8110 
32687 
8111 
32688 
8112 
32689 
8113 
8114 
8115 
8116 
8117 
8118 
8119 
8120 
8121 
16327 
16328 
16329 
16330 
16331 
16332 
16333 
16334 
16335 
16336 
16337 
16338 
24531 
16339 
24532 
16340 
24533 
16341 
24534 
16342 
24535 
16343 
24536 
16344 
24537 
16345 
24538 
24539 
24540 
24541 
24542 
24543 
24544 
24545 
24546 
24547 
)

// ************************************************************************* //
